1 20 4 15 7 51 42 50 22 48 46 21 39 6 30 35 32 29 3 23 16 17 11 40 34 47 12 37 25 20 44 38 13 49 27 43 36 33 9 1 19 31 41 52 28 26 2 8 14 18 45 24 5 10 18 28 42 25 40 37 49 34 2 7 16 12 10 48 45 41 30 15 31 36 8 50 27 43 17 5 32 19 33 29 52 3 20 21 44 13 39 35 14 46 23 6 22 47 24 26 9 4 51 11 38 1
15 23 3 7 27 46 28 22 10 51 20 41 8 5 38 12 29 40 34 31 19 2 25 6 52 44 4 42 47 16 33 39 18 37 17 11 21 36 43 14 45 30 26 32 50 1 24 49 48 9 35 13
52 17 36 12 33 43 9 46 41 4 42 23 45 50 14 32 34 39 29 6 27 21 16 1 8 18 13 7 3 2 31 11 10 48 49 51 38 28 26 44 35 24 15 25 20 40 47 19 22 30 37 5
1 46 23 11 45 8 52 26 4 33 38 39 32 21 7 15 35 18 24 25 22 6 12 31 5 36 40 42 16 17 44 30 51 29 43 48 14 50 49 34 37 3 2 41 27 19 9 20 47 10 28 13
27 36 1 47 11 22 7 45 28 4 49 31 38 48 34 33 26 32 39 13 35 15 30 20 41 40 25 52 43 6 18 10 37 24 19 44 21 3 2 50 17 23 29 14 51 5 16 8 12 9 46 42
40 26 49 41 10 20 13 3 7 17 29 44 47 35 21 37 30 50 4 5 22 33 2 46 9 51 16 39 42 32 18 15 43 11 1 34 36 27 28 23 8 19 6 52 25 14 12 38 24 45 31 48 42 38 46 52 33 8 7 32 13 29 21 18 44 51 27 47 36 5 49 17 45 28 41 2 30 34 24 3 50 15 40 11 20 16 1 19 4 31 35 37 48 39 26 10 6 9 23 25 43 12 14 22
27 40 25 20 38 21 6 35 39 51 43 29 48 23 31 3 17 50 10 14 44 26 2 22 41 12 28 24 45 30 52 18 33 46 7 13 16 49 34 11 8 19 36 1 47 32 37 42 5 15 4 9
13 11 48 39 28 34 8 4 27 19 32 17 20 23 7 29 6 45 44 3 12 14 15 1 21 25 22 43 51 52 38 24 18 5 37 33 47 31 41 42 40 16 2 36 9 30 35 49 10 46 50 26
8 39 50 38 45 44 35 25 47 46 4 41 43 13 21 1 24 29 11 33 7 40 51 27 31 5 20 9 15 37 36 28 30 18 17 10 2 49 32 14 42 12 26 22 3 34 23 48 52 16 6 19
4 52 22 13 1 50 43 41 21 35 16 8 27 40 24 18 12 5 39 10 29 7 37 51 44 6 34 48 32 46 36 20 49 26 42 11 33 2 30 14 9 19 3 45 23 38 25 28 15 31 47 17
14 21 15 33 40 2 22 35 
3 16 20 18 27 43 25 46 7 44 30 24 8 4 38 13 37 5 26 34 50 39 17 28 41 10 42 52 12 6 9 29 51 48 1 49 47 45 36 11 23 19 32 31
35 28 12 36 32 27 45 6 51 17 50 29 1 22 3 38 31 52 46 30 33 40 34 25 49 21 23 20 8 42 26 24 14 4 37 5 7 11 43 18 16 19 13 39 44 9 48 41 15 47 10 2
1 20 44 6 21 37 19 3 22 49 17 5 31 4 35 8 42 9 40 34 12 45 51 23 26 50 32 48 10 29 38 15 25 41 52 2 36 7 14 18 39 24 47 43 16 33 46 11 27 28 13 30
12 39 28 36 13 23 20 31 8 15 48 7 52 9 16 17 1 40 38 43 3 41 11 14 6 35 30 50 2 34 19 29 47 49 51 22 25 26 45 27 5 37 24 21 33 32 46 10 4 18 42 44
14 9 43 16 1 21 30 37 11          38 31 49 3 12 25 
17 
26 39 29 22 27 46 50 5 7 18 52 45 36 2 24 33 19 32 41 13 8 48 34 4 20 23 15 40 35 6 10 44 47 28 42 51
46 48 23 8 40 7 12 34 42 30 45 44 17 49 50 13 6 47 38 39 19 35 51 14 26 22 2 11 36 20 9 37 33 1 29 43 41 32 16 10 25 31 27 18 28 5 24 15 4 52 21 3
3 34 23 31 45 40 17 44 47 13 41 18 38 12 5 8 35 10 28 26 4 29 6 9 20 22 25 52 2 43 7 15 51 14 1 39 42 16 19 11 50 36 27 24 33 37 49 48 30 21 32 46
43 30 48 7 42 36 40 35 49 20 32 21 28 50 26 1 5 4 38 44 46 33 39 11 24 29 23 52 34 31 45 41 9 13 15 3 27 2 10 6 16 25 37 22 51 8 14 18 47 17 12 19
16
8
4
2
7
1
17
8
13
15
18
3
19
19
8
14
17
14
10
10
18
10
